00
00
00
00
00
00
00
00
00
00
00
00
00
00
00
00
00
00
00
00
00
00
00
00
00
00
00
00
00
00
00
00
00
00
00
00
00
00
00
00
00
00
00
00
00
00
00
00
00
00
00
00
00
00
00
00
00
00
00
00
00
00
00
00
00
00
00
00
00
00
00
00
00
00
00
00
00
00
00
00
00
00
00
00
00
00
00
00
00
00
00
00
00
00
00
00
00
00
00
00
00
00
00
00
00
00
00
00
00
00
00
00
00
00
00
00
00
00
00
00
00
00
00
00
0B
96
FD
CA
1F
00
00
00
00
00
00
00
00
00
00
00
00
00
00
00
00
00
00
00
00
00
00
00
25
FB
FB
FD
6B
00
00
00
00
00
00
00
00
00
00
00
00
00
00
00
00
00
00
00
00
00
00
15
C5
FB
FB
FD
6B
00
00
00
00
00
00
00
00
00
00
00
00
00
00
00
00
00
00
00
00
00
6E
BE
FB
FB
FB
FD
A9
6D
3E
00
00
00
00
00
00
00
00
00
00
00
00
00
00
00
00
00
00
00
FD
FB
FB
FB
FB
FD
FB
FB
DC
33
00
00
00
00
00
00
00
00
00
00
00
00
00
00
00
00
00
B6
FF
FD
FD
FD
FD
EA
DE
FD
FD
FD
00
00
00
00
00
00
00
00
00
00
00
00
00
00
00
00
3F
DD
FD
FB
FB
FB
93
4D
3E
80
FB
FB
69
00
00
00
00
00
00
00
00
00
00
00
00
00
00
20
E7
FB
FD
FB
DC
89
0A
00
00
1F
E6
FB
F3
71
05
00
00
00
00
00
00
00
00
00
00
00
00
25
FB
FB
FD
BC
14
00
00
00
00
00
6D
FB
FD
FB
23
00
00
00
00
00
00
00
00
00
00
00
00
25
FB
FB
C9
1E
00
00
00
00
00
00
1F
C8
FD
FB
23
00
00
00
00
00
00
00
00
00
00
00
00
25
FD
FD
00
00
00
00
00
00
00
00
20
CA
FF
FD
A4
00
00
00
00
00
00
00
00
00
00
00
00
8C
FB
FB
00
00
00
00
00
00
00
00
6D
FB
FD
FB
23
00
00
00
00
00
00
00
00
00
00
00
00
D9
FB
FB
00
00
00
00
00
00
15
3F
E7
FB
FD
E6
1E
00
00
00
00
00
00
00
00
00
00
00
00
D9
FB
FB
00
00
00
00
00
00
90
FB
FB
FB
DD
3D
00
00
00
00
00
00
00
00
00
00
00
00
00
D9
FB
FB
00
00
00
00
00
B6
DD
FB
FB
FB
B4
00
00
00
00
00
00
00
00
00
00
00
00
00
00
DA
FD
FD
49
49
E4
FD
FD
FF
FD
FD
FD
FD
00
00
00
00
00
00
00
00
00
00
00
00
00
00
00
71
FB
FB
FD
FB
FB
FB
FB
FD
FB
FB
FB
93
00
00
00
00
00
00
00
00
00
00
00
00
00
00
00
1F
E6
FB
FD
FB
FB
FB
FB
FD
E6
BD
23
0A
00
00
00
00
00
00
00
00
00
00
00
00
00
00
00
00
3E
8E
FD
FB
FB
FB
FB
FD
6B
00
00
00
00
00
00
00
00
00
00
00
00
00
00
00
00
00
00
00
00
00
48
AE
FB
AD
47
48
1E
00
00
00
00
00
00
00
00
00
00
00
00
00
00
00
00
00
00
00
00
00
00
00
00
00
00
00
00
00
00
00
00
00
00
00
00
00
00
00
00
00
00
00
00
00
00
00
00
00
00
00
00
00
00
00
00
00
00
00
00
00
00
00
00
00
00
00
00
00
00
00
00
00
00
00
00
00
00
00
00
00
00
00
00
00
00
00
00
00
00
00
00
00
00
00
00
00
00
00
00
00
00
00
00
00
00
00
00
00
00
00
00
00
00
00
00
00
00
00
00
00
00
00
00
00
00
00
00
00
00
00
00
00
00
00
00
00
00
00
00
00
00
00
00
00
00
00
00
00
00
00
00
00
00
00
00
00
00
00
00
00
00
00
00
00
00
00
00
00
00
00
00
00
00
00
00
00
00
00
00
00
00
00
00
00
00
00
00
00
00
00
00
00
00
00
00
00
00
00
00
00
00
00
00
00
00
00
00
00
00
00
00
00
00
00
00
00
00
00
00
00
00
00
00
00
00
00
00
00
00
00
00
00
00
00
00
00
00
00
00
00
00
00
00
00
00
00
00
00
00
00
26
FE
6D
00
00
00
00
00
00
00
00
00
00
00
00
00
00
00
00
00
00
00
00
00
00
00
00
00
57
FC
52
00
00
00
00
00
00
00
00
00
00
00
00
00
00
00
00
00
00
00
00
00
00
00
00
00
87
F1
00
00
00
00
00
00
00
00
00
00
00
00
00
00
00
00
00
00
00
00
00
00
00
00
00
2D
F4
96
00
00
00
00
00
00
00
00
00
00
00
00
00
00
00
00
00
00
00
00
00
00
00
00
00
54
FE
3F
00
00
00
00
00
00
00
00
00
00
00
00
00
00
00
00
00
00
00
00
00
00
00
00
00
CA
DF
0B
00
00
00
00
00
00
00
00
00
00
00
00
00
00
00
00
00
00
00
00
00
00
00
00
20
FE
D8
00
00
00
00
00
00
00
00
00
00
00
00
00
00
00
00
00
00
00
00
00
00
00
00
00
5F
FE
C3
00
00
00
00
00
00
00
00
00
00
00
00
00
00
00
00
00
00
00
00
00
00
00
00
00
8C
FE
4D
00
00
00
00
00
00
00
00
00
00
00
00
00
00
00
00
00
00
00
00
00
00
00
00
39
ED
CD
08
00
00
00
00
00
00
00
00
00
00
00
00
00
00
00
00
00
00
00
00
00
00
00
00
7C
FF
A5
00
00
00
00
00
00
00
00
00
00
00
00
00
00
00
00
00
00
00
00
00
00
00
00
00
AB
FE
51
00
00
00
00
00
00
00
00
00
00
00
00
00
00
00
00
00
00
00
00
00
00
00
00
18
E8
D7
00
00
00
00
00
00
00
00
00
00
00
00
00
00
00
00
00
00
00
00
00
00
00
00
00
78
FE
9F
00
00
00
00
00
00
00
00
00
00
00
00
00
00
00
00
00
00
00
00
00
00
00
00
00
97
FE
8E
00
00
00
00
00
00
00
00
00
00
00
00
00
00
00
00
00
00
00
00
00
00
00
00
00
E4
FE
42
00
00
00
00
00
00
00
00
00
00
00
00
00
00
00
00
00
00
00
00
00
00
00
00
3D
FB
FE
42
00
00
00
00
00
00
00
00
00
00
00
00
00
00
00
00
00
00
00
00
00
00
00
00
8D
FE
CD
03
00
00
00
00
00
00
00
00
00
00
00
00
00
00
00
00
00
00
00
00
00
00
00
0A
D7
FE
79
00
00
00
00
00
00
00
00
00
00
00
00
00
00
00
00
00
00
00
00
00
00
00
00
05
C6
B0
0A
00
00
00
00
00
00
00
00
00
00
00
00
00
00
00
00
00
00
00
00
00
00
00
00
00
00
00
00
00
00
00
00
00
00
00
00
00
00
00
00
00
00
00
00
00
00
00
00
00
00
00
00
00
00
00
00
00
00
00
00
00
00
00
00
00
00
00
00
00
00
00
00
00
00
00
00
00
00
00
00
00
00
00
00
00
00
00
00
00
00
00
00
00
00
00
00
00
00
00
00
00
00
00
00
00
00
00
00
00
00
00
00
00
00
00
00
00
00
00
00
00
00
00
00
00
00
00
00
00
00
00
00
00
00
00
00
00
00
00
00
00
00
00
00
00
00
00
00
00
00
00
00
00
00
00
00
00
00
00
00
00
00
00
00
00
00
00
00
00
00
00
00
00
00
00
00
00
00
00
00
00
00
00
00
00
00
00
00
00
00
00
00
00
00
00
00
00
00
00
00
00
00
00
00
00
00
00
00
00
00
00
00
00
00
00
00
00
00
00
00
74
7D
AB
FF
FF
96
5D
00
00
00
00
00
00
00
00
00
00
00
00
00
00
00
00
00
00
00
00
A9
FD
FD
FD
FD
FD
FD
DA
1E
00
00
00
00
00
00
00
00
00
00
00
00
00
00
00
00
00
00
A9
FD
FD
FD
D5
8E
B0
FD
FD
7A
00
00
00
00
00
00
00
00
00
00
00
00
00
00
00
00
00
34
FA
FD
D2
20
0C
00
06
CE
FD
8C
00
00
00
00
00
00
00
00
00
00
00
00
00
00
00
00
00
4D
FB
D2
19
00
00
00
7A
F8
FD
41
00
00
00
00
00
00
00
00
00
00
00
00
00
00
00
00
00
00
1F
12
00
00
00
00
D1
FD
FD
41
00
00
00
00
00
00
00
00
00
00
00
00
00
00
00
00
00
00
00
00
00
00
00
75
F7
FD
C6
0A
00
00
00
00
00
00
00
00
00
00
00
00
00
00
00
00
00
00
00
00
00
00
4C
F7
FD
E7
3F
00
00
00
00
00
00
00
00
00
00
00
00
00
00
00
00
00
00
00
00
00
00
00
80
FD
FD
90
00
00
00
00
00
00
00
00
00
00
00
00
00
00
00
00
00
00
00
00
00
00
00
B0
F6
FD
9F
0C
00
00
00
00
00
00
00
00
00
00
00
00
00
00
00
00
00
00
00
00
00
00
19
EA
FD
E9
23
00
00
00
00
00
00
00
00
00
00
00
00
00
00
00
00
00
00
00
00
00
00
00
C6
FD
FD
8D
00
00
00
00
00
00
00
00
00
00
00
00
00
00
00
00
00
00
00
00
00
00
00
4E
F8
FD
BD
0C
00
00
00
00
00
00
00
00
00
00
00
00
00
00
00
00
00
00
00
00
00
00
13
C8
FD
FD
8D
00
00
00
00
00
00
00
00
00
00
00
00
00
00
00
00
00
00
00
00
00
00
00
86
FD
FD
AD
0C
00
00
00
00
00
00
00
00
00
00
00
00
00
00
00
00
00
00
00
00
00
00
00
F8
FD
FD
19
00
00
00
00
00
00
00
00
00
00
00
00
00
00
00
00
00
00
00
00
00
00
00
00
F8
FD
FD
2B
14
14
14
14
05
00
05
14
14
25
96
96
96
93
0A
00
00
00
00
00
00
00
00
00
F8
FD
FD
FD
FD
FD
FD
FD
A8
8F
A6
FD
FD
FD
FD
FD
FD
FD
7B
00
00
00
00
00
00
00
00
00
AE
FD
FD
FD
FD
FD
FD
FD
FD
FD
FD
FD
F9
F7
F7
A9
75
75
39
00
00
00
00
00
00
00
00
00
00
76
7B
7B
7B
A6
FD
FD
FD
9B
7B
7B
29
00
00
00
00
00
00
00
00
00
00
00
00
00
00
00
00
00
00
00
00
00
00
00
00
00
00
00
00
00
00
00
00
00
00
00
00
00
00
00
00
00
00
00
00
00
00
00
00
00
00
00
00
00
00
00
00
00
00
00
00
00
00
00
00
00
00
00
00
00
00
00
00
00
00
00
00
00
00
00
00
00
00
00
00
00
00
00
00
00
00
00
00
00
00
00
00
00
00
00
00
00
00
00
00
00
00
00
00
00
00
00
00
00
00
00
00
00
00
00
00
00
00
00
00
00
00
00
00
00
00
00
00
00
00
00
00
00
00
00
00
00
00
00
00
00
00
00
00
00
00
00
00
00
00
00
00
00
00
00
00
00
00
00
00
00
00
00
00
00
00
00
00
00
00
00
00
00
00
00
00
00
00
00
00
00
00
00
00
00
00
00
00
00
00
00
00
00
00
00
00
00
00
00
00
00
00
00
00
00
00
00
00
00
00
00
00
00
00
00
00
00
00
00
00
00
00
00
00
00
00
00
00
00
00
00
00
00
00
00
00
00
00
00
00
00
00
00
00
00
00
00
00
00
00
00
00
00
00
00
00
00
00
00
00
00
0C
29
92
92
30
00
00
00
00
00
00
00
00
00
00
00
00
00
00
00
00
00
00
00
00
00
00
0C
81
FD
FD
FD
FA
A3
12
00
00
00
00
00
00
00
00
00
00
00
00
00
00
00
00
00
00
00
00
85
FD
FD
FD
FD
FD
FD
E5
46
00
00
00
00
00
00
00
00
00
00
00
00
00
00
00
00
00
00
00
65
FD
FC
91
66
6B
ED
FD
F7
80
0A
00
00
00
00
00
00
00
00
00
00
00
00
00
00
00
00
00
B5
FD
A7
00
00
00
3D
EB
FD
FD
A3
05
00
00
00
00
00
00
00
00
00
00
00
00
00
00
00
00
FF
FD
2B
00
00
00
00
3A
C1
FD
FD
A4
04
00
00
00
00
00
00
00
00
00
00
00
00
00
00
00
BB
FD
20
00
00
00
00
00
37
EC
FD
FD
56
00
00
00
00
00
00
00
00
00
00
00
00
00
00
00
92
FD
20
00
64
BE
57
57
57
93
FD
FD
7B
00
00
00
00
00
00
00
00
00
00
00
00
00
00
00
5E
FD
4E
28
F8
FD
FD
FD
FD
FD
FD
FD
DF
54
0F
00
00
00
00
00
00
00
00
00
00
00
00
00
0E
5C
0C
23
F0
FD
FD
FD
FD
FD
FD
FD
FD
FD
F4
59
0A
00
00
00
00
00
00
00
00
00
00
00
00
00
00
00
4B
A1
B3
FD
FD
FD
FD
FD
FD
FD
FD
FD
D1
2B
00
00
00
00
00
00
00
00
00
00
00
00
00
00
00
00
03
10
10
27
26
10
10
91
F3
FD
FD
B9
30
00
00
00
00
00
00
00
00
00
00
00
00
00
14
3A
00
00
00
00
00
00
00
00
3A
D1
FD
FD
B7
00
00
00
00
00
00
00
00
00
00
00
00
4D
DD
F7
4F
00
00
00
00
00
00
00
00
0D
DB
FD
F0
48
00
00
00
00
00
00
00
00
00
00
00
5A
F7
FD
FC
39
00
00
00
00
00
00
00
00
35
FB
FD
BF
00
00
00
00
00
00
00
00
00
00
00
00
74
FD
FD
3B
00
00
00
00
00
00
00
00
63
FC
FD
91
00
00
00
00
00
00
00
00
00
00
00
00
0E
BC
FD
DD
9E
26
00
00
00
00
6F
D3
F6
FD
FD
91
00
00
00
00
00
00
00
00
00
00
00
00
00
0C
DD
F6
FD
FB
F9
F9
F9
F9
FD
FD
FD
FD
C8
13
00
00
00
00
00
00
00
00
00
00
00
00
00
00
00
5F
B7
E4
FD
FD
FD
FD
FD
FD
C3
7C
17
00
00
00
00
00
00
00
00
00
00
00
00
00
00
00
00
00
00
18
25
8A
4A
7E
58
25
07
00
00
00
00
00
00
00
00
00
00
00
00
00
00
00
00
00
00
00
00
00
00
00
00
00
00
00
00
00
00
00
00
00
00
00
00
00
00
00
00
00
00
00
00
00
00
00
00
00
00
00
00
00
00
00
00
00
00
00
00
00
00
00
00
00
00
00
00
00
00
00
00
00
00
00
00
00
00
00
00
00
00
00
00
00
00
00
00
00
00
00
00
00
00
00
00
00
00
00
00
00
00
00
00
00
00
00
00
00
00
00
00
00
00
00
00
00
00
00
00
00
00
00
00
00
00
00
00
00
00
00
00
00
00
00
00
00
00
00
00
00
00
00
00
00
00
00
00
00
00
00
00
00
00
00
00
00
00
00
00
00
00
00
00
00
00
00
00
00
00
00
00
00
00
00
00
00
00
00
00
00
00
00
00
00
00
00
00
00
00
00
00
00
00
00
00
00
00
00
00
00
00
00
00
00
00
00
00
00
00
00
00
00
00
00
00
00
00
00
00
00
00
00
00
00
00
00
00
00
00
00
00
00
00
00
00
00
00
00
00
00
00
00
00
00
00
00
00
00
00
00
00
00
00
00
00
00
00
00
00
00
00
00
00
00
00
00
00
00
00
00
00
00
00
00
00
A8
5B
00
00
00
00
00
00
00
00
00
00
00
00
00
00
00
00
00
00
00
00
00
00
00
00
00
02
EA
7E
00
00
00
00
00
00
00
00
00
00
00
00
00
00
00
00
00
00
00
00
00
00
00
00
00
33
FE
7E
00
00
00
00
00
00
00
00
00
00
00
00
00
00
00
00
00
26
B2
1F
00
00
00
00
00
33
FE
51
00
00
00
00
00
00
00
00
00
00
00
00
00
00
00
00
00
5E
FE
53
00
00
00
00
00
57
FE
36
00
00
00
00
00
00
00
00
00
00
00
00
00
00
00
00
00
A0
FE
38
00
00
00
00
00
BD
EE
04
00
00
00
00
00
00
00
00
00
00
00
00
00
00
00
00
0D
E3
A8
02
00
00
00
00
00
C2
EC
00
00
00
00
00
00
00
00
00
00
00
00
00
00
00
00
00
37
FE
72
00
00
00
00
00
10
EB
A7
00
00
00
00
00
00
00
00
00
00
00
00
00
00
00
00
00
73
FE
32
00
00
00
00
00
67
FE
69
00
00
00
00
00
00
00
00
00
00
00
00
00
00
00
00
07
DD
EC
4B
9C
B4
BE
FC
FC
FD
FE
72
00
00
00
00
00
00
00
00
00
00
00
00
00
00
00
00
0F
FE
FE
FE
FC
D3
B3
B3
B3
F6
FE
F7
5E
00
00
00
00
00
00
00
00
00
00
00
00
00
00
00
08
D9
EF
75
16
00
00
00
00
E2
FE
F2
C5
00
00
00
00
00
00
00
00
00
00
00
00
00
00
00
00
0E
12
00
00
00
00
00
1B
F3
CF
2E
25
00
00
00
00
00
00
00
00
00
00
00
00
00
00
00
00
00
00
00
00
00
00
00
63
FE
84
00
00
00
00
00
00
00
00
00
00
00
00
00
00
00
00
00
00
00
00
00
00
00
00
00
74
FE
43
00
00
00
00
00
00
00
00
00
00
00
00
00
00
00
00
00
00
00
00
00
00
00
00
00
74
FE
3D
00
00
00
00
00
00
00
00
00
00
00
00
00
00
00
00
00
00
00
00
00
00
00
00
00
74
FE
3D
00
00
00
00
00
00
00
00
00
00
00
00
00
00
00
00
00
00
00
00
00
00
00
00
00
AE
FF
64
00
00
00
00
00
00
00
00
00
00
00
00
00
00
00
00
00
00
00
00
00
00
00
00
00
BB
FE
53
00
00
00
00
00
00
00
00
00
00
00
00
00
00
00
00
00
00
00
00
00
00
00
00
00
73
B0
0A
00
00
00
00
00
00
00
00
00
00
00
00
00
00
00
00
00
00
00
00
00
00
00
00
00
00
00
00
00
00
00
00
00
00
00
00
00
00
00
00
00
00
00
00
00
00
00
00
00
00
00
00
00
00
00
00
00
00
00
00
00
00
00
00
00
00
00
00
00
00
00
00
00
00
00
00
00
00
00
00
00
00
00
00
00
00
00
00
00
00
00
00
00
00
00
00
00
00
00
00
00
00
00
00
00
00
00
00
00
00
00
00
00
00
00
00
00
00
00
00
00
00
00
00
00
00
00
00
00
00
00
00
00
00
00
00
00
00
00
00
00
00
00
00
00
00
00
00
00
00
00
00
00
00
00
00
00
00
00
00
00
00
00
00
00
00
00
00
00
00
00
00
00
00
00
00
00
00
00
00
00
00
00
00
00
00
00
00
00
00
00
00
00
00
00
00
00
00
00
00
00
00
00
00
00
00
00
00
00
00
00
00
00
00
00
00
00
00
00
00
00
00
00
11
2F
2F
2F
10
81
55
2F
00
00
00
00
00
00
00
00
00
00
00
00
00
00
00
00
00
00
4B
99
D9
FD
FD
FD
D7
F6
FD
FD
00
00
00
00
00
00
00
00
00
00
00
00
00
00
00
23
8E
F4
FC
FD
FD
FD
FD
FD
FD
FD
FD
FD
00
00
00
00
00
00
00
00
00
00
00
00
00
00
00
3F
FD
FD
FD
FD
FD
FD
FD
D5
AA
AA
AA
AA
00
00
00
00
00
00
00
00
00
00
00
14
84
48
00
39
EE
E3
EE
A8
7C
45
14
0B
00
00
00
00
00
00
00
00
00
00
00
00
00
00
0B
CE
FD
4E
00
00
20
00
1E
02
00
00
00
00
00
00
00
00
00
00
00
00
00
00
00
00
00
06
B1
FD
84
0A
00
00
00
00
00
00
00
00
00
00
00
00
00
00
00
00
00
00
00
00
00
00
0C
85
FD
E9
0F
00
00
00
00
00
00
00
00
00
00
00
00
00
00
00
00
00
00
00
00
00
00
00
5C
FD
DF
1C
00
00
00
00
00
00
00
00
00
00
00
00
00
00
00
00
00
00
00
00
00
00
00
00
96
FD
AE
00
00
00
00
00
00
00
00
00
00
00
00
00
00
00
00
00
00
00
00
00
00
00
00
00
EA
FD
F6
7F
31
00
00
00
00
00
00
00
00
00
00
00
00
00
00
00
00
00
00
00
00
00
00
00
FF
FD
FD
FD
FB
93
5B
79
55
2A
2A
55
1C
00
00
00
00
00
00
00
00
00
00
00
00
00
00
00
8B
FD
FD
FD
FD
FD
FD
FD
FD
FD
FD
FD
E8
A8
00
00
00
00
00
00
00
00
00
00
00
00
00
00
03
35
DA
DE
FB
FD
FD
FD
FD
FD
FD
FD
FD
FC
7C
00
00
00
00
00
00
00
00
00
00
00
00
00
00
00
00
00
43
48
C8
FD
FD
FD
FD
FD
FD
FD
AF
00
00
00
00
00
00
00
00
00
00
00
00
00
00
00
00
00
00
00
78
FD
F9
98
33
A4
FD
FD
AF
00
00
00
00
00
00
00
00
00
00
00
00
00
00
00
00
00
00
00
32
FD
FD
FD
BC
FC
FD
FD
94
00
00
00
00
00
00
00
00
00
00
00
00
00
00
00
00
00
00
00
09
A7
FD
FD
FD
FD
FA
AF
0B
00
00
00
00
00
00
00
00
00
00
00
00
00
00
00
00
00
00
00
00
17
B4
E7
FD
DD
80
00
00
00
00
00
00
00
00
00
00
00
00
00
00
00
00
00
00
00
00
00
00
00
00
5D
95
16
00
00
00
00
00
00
00
00
00
00
00
00
00
00
00
00
00
00
00
00
00
00
00
00
00
00
00
00
00
00
00
00
00
00
00
00
00
00
00
00
00
00
00
00
00
00
00
00
00
00
00
00
00
00
00
00
00
00
00
00
00
00
00
00
00
00
00
00
00
00
00
00
00
00
00
00
00
00
00
00
00
00
00
00
00
00
00
00
00
00
00
00
00
00
00
00
00
00
00
00
00
00
00
00
00
00
00
00
00
00
00
00
00
00
00
00
00
00
00
00
00
00
00
00
00
00
00
00
00
00
00
00
00
00
00
00
00
00
00
00
00
00
00
00
00
00
00
00
00
00
00
00
00
00
00
00
00
00
00
00
00
00
00
00
00
00
00
00
00
00
00
00
00
00
00
00
00
00
00
00
00
00
00
00
00
00
00
00
00
00
00
00
00
00
00
00
00
00
00
00
00
00
00
00
00
00
00
00
00
00
00
00
00
00
00
00
00
07
CC
FD
B0
00
00
00
00
00
00
00
00
00
00
00
00
00
00
00
00
00
00
00
00
00
00
00
07
96
FC
FC
7D
00
00
00
00
00
00
00
00
00
00
00
00
00
00
00
00
00
00
00
00
00
00
00
75
FC
BA
38
00
00
00
00
00
00
00
00
00
00
00
00
00
00
00
00
00
00
00
00
00
00
00
00
8D
FC
76
00
00
00
00
00
00
00
00
00
00
00
00
00
00
00
00
00
00
00
00
00
00
00
00
00
9A
F7
32
00
00
00
00
00
00
00
00
00
00
00
00
00
00
00
00
00
00
00
00
00
00
00
00
1A
FD
C4
00
00
00
00
00
00
00
00
00
00
00
00
00
00
00
00
00
00
00
00
00
00
00
00
00
96
FD
C4
00
00
00
00
00
00
00
39
55
55
26
00
00
00
00
00
00
00
00
00
00
00
00
00
00
E1
FD
60
00
00
00
00
00
97
E2
F3
FC
FC
EE
7D
00
00
00
00
00
00
00
00
00
00
00
00
0A
E5
E2
00
00
00
04
36
E5
FD
FF
EA
AF
E1
FF
E4
1F
00
00
00
00
00
00
00
00
00
00
00
6E
FC
96
00
00
1A
80
FC
FC
E3
86
1C
00
00
B2
FC
38
00
00
00
00
00
00
00
00
00
00
00
9F
FC
71
00
00
96
FD
FC
BA
2B
00
00
00
00
8D
FC
38
00
00
00
00
00
00
00
00
00
00
00
B9
FC
71
00
26
ED
FD
97
06
00
00
00
00
00
8D
CA
06
00
00
00
00
00
00
00
00
00
00
00
C6
FD
72
00
93
FD
A3
00
00
00
00
00
00
00
9A
C5
00
00
00
00
00
00
00
00
00
00
00
00
C5
FC
71
00
AC
FC
BC
00
00
00
00
00
00
1A
FD
AB
00
00
00
00
00
00
00
00
00
00
00
00
C5
FC
71
00
13
E7
F7
7A
13
00
00
00
00
C8
F4
38
00
00
00
00
00
00
00
00
00
00
00
1A
DE
FC
71
00
00
19
CB
FC
C1
0D
00
4C
C8
F9
7D
00
00
00
00
00
00
00
00
00
00
00
00
00
B9
FD
B3
0A
00
00
00
4C
23
1D
9A
FD
F4
7D
00
00
00
00
00
00
00
00
00
00
00
00
00
00
1C
D1
FD
C4
52
39
39
83
C5
FC
FD
D6
51
00
00
00
00
00
00
00
00
00
00
00
00
00
00
00
00
19
D8
FC
FC
FC
FD
FC
FC
FC
9C
13
00
00
00
00
00
00
00
00
00
00
00
00
00
00
00
00
00
00
10
67
8B
F0
8C
8B
8B
28
00
00
00
00
00
00
00
00
00
00
00
00
00
00
00
00
00
00
00
00
00
00
00
00
00
00
00
00
00
00
00
00
00
00
00
00
00
00
00
00
00
00
00
00
00
00
00
00
00
00
00
00
00
00
00
00
00
00
00
00
00
00
00
00
00
00
00
00
00
00
00
00
00
00
00
00
00
00
00
00
00
00
00
00
00
00
00
00
00
00
00
00
00
00
00
00
00
00
00
00
00
00
00
00
00
00
00
00
00
00
00
00
00
00
00
00
00
00
00
00
00
00
00
00
00
00
00
00
00
00
00
00
00
00
00
00
00
00
00
00
00
00
00
00
00
00
00
00
00
00
00
00
00
00
00
00
00
00
00
00
00
00
00
00
00
00
00
00
00
00
00
00
00
00
00
00
00
00
00
00
00
00
00
00
00
00
00
00
00
00
00
00
00
00
00
00
00
00
00
00
00
00
00
00
00
00
00
00
00
00
00
00
00
00
00
00
00
00
00
00
00
00
00
00
00
00
00
00
00
00
00
00
00
00
00
00
00
00
00
00
00
00
00
00
00
00
00
00
00
00
00
00
00
00
00
00
00
00
00
00
00
00
00
00
00
00
00
00
00
00
00
00
00
00
00
00
00
00
00
00
00
00
00
00
00
00
00
00
00
00
00
00
00
00
00
00
00
00
00
00
00
00
00
00
00
00
00
00
00
00
00
00
00
00
00
00
00
00
00
00
00
00
00
00
00
00
00
00
00
00
00
00
00
00
00
00
00
00
00
00
00
00
00
00
00
00
00
00
00
00
00
4A
F9
FE
FE
FE
F5
A7
A7
88
19
50
3C
00
00
00
00
00
00
00
00
00
00
00
00
00
00
00
00
68
FE
FE
FE
FE
FE
FE
FE
FE
F9
FE
FC
C5
71
47
27
00
00
00
00
00
00
00
00
00
00
00
00
05
63
87
69
69
72
C0
C0
C0
E9
FE
FE
FE
FE
FE
F6
81
00
00
00
00
00
00
00
00
00
00
00
00
00
00
00
00
00
00
00
00
2D
72
72
CB
FE
FE
FE
F0
0F
00
00
00
00
00
00
00
00
00
00
00
00
00
00
00
00
00
00
00
00
00
00
08
23
9B
FE
FE
82
00
00
00
00
00
00
00
00
00
00
00
00
00
00
00
00
00
00
00
00
00
00
00
00
24
FE
F1
22
00
00
00
00
00
00
00
00
00
00
00
00
00
00
00
00
00
00
00
00
00
00
00
00
73
FE
FE
76
00
00
00
00
00
00
00
00
00
00
00
00
00
00
00
00
00
00
00
00
00
00
00
22
F3
FE
F0
11
00
00
00
00
00
00
00
00
00
00
00
00
00
00
00
00
00
00
00
00
00
00
00
6F
FE
FE
8B
00
00
00
00
00
00
00
00
00
00
00
00
00
00
00
00
00
00
00
00
00
00
00
25
F3
FE
F4
28
00
00
00
00
00
00
00
00
00
00
00
00
00
00
00
00
00
00
00
00
00
00
14
B0
FE
FE
71
00
00
00
00
00
00
00
00
00
00
00
00
00
00
00
00
00
00
00
00
00
00
00
8C
FE
FE
DC
02
00
00
00
00
00
00
00
00
00
00
00
00
00
00
00
00
00
00
00
00
00
00
58
FD
FE
F3
2D
00
00
00
00
00
00
00
00
00
00
00
00
00
00
00
00
00
00
00
00
00
00
3F
F1
FE
FE
53
00
00
00
00
00
00
00
00
00
00
00
00
00
00
00
00
00
00
00
00
00
00
10
F3
FE
FE
93
05
00
00
00
00
00
00
00
00
00
00
00
00
00
00
00
00
00
00
00
00
00
02
6F
FE
FE
CB
05
00
00
00
00
00
00
00
00
00
00
00
00
00
00
00
00
00
00
00
00
00
00
3A
FE
FE
FE
54
00
00
00
00
00
00
00
00
00
00
00
00
00
00
00
00
00
00
00
00
00
00
0E
ED
FE
FF
C2
04
00
00
00
00
00
00
00
00
00
00
00
00
00
00
00
00
00
00
00
00
00
00
52
FE
FE
C2
1B
00
00
00
00
00
00
00
00
00
00
00
00
00
00
00
00
00
00
00
00
00
00
00
27
E6
C1
1C
00
00
00
00
00
00
00
00
00
00
00
00
00
00
00
00
00
00
00
00
00
00
00
00
00
00
00
00
00
00
00
00
00
00
00
00
00
00
00
00
00
00
00
00
00
00
00
00
00
00
00
00
00
00
00
00
00
00
00
00
00
00
00
00
00
00
00
00
00
00
00
00
00
00
00
00
00
00
00
00
00
00
00
00
00
00
00
00
00
00
00
00
00
00
00
00
00
00
00
00
00
00
00
00
00
00
00
00
00
00
00
00
00
00
00
00
00
00
00
00
00
00
00
00
00
00
00
00
00
00
00
00
00
00
00
00
00
00
00
00
00
00
00
00
00
00
00
00
00
00
00
00
00
00
00
00
00
00
00
00
00
00
00
00
00
00
00
00
00
00
00
00
00
00
00
00
00
00
00
00
00
00
00
00
00
00
00
00
00
00
00
00
00
00
00
00
00
00
06
4B
00
62
B9
B2
5E
13
00
00
00
00
00
00
00
00
00
00
00
00
00
00
00
00
00
0F
6F
C3
EE
5E
00
D0
F9
FE
FE
74
00
00
00
00
00
00
00
00
00
00
00
00
00
00
14
32
6B
C5
F6
B7
19
00
00
51
F5
FE
F9
5B
00
00
00
00
00
00
00
00
00
00
00
00
12
54
E6
FE
FE
DD
56
00
00
01
7D
FD
FE
B2
35
00
00
00
00
00
00
00
00
00
00
00
00
00
85
FE
FE
D9
76
04
00
00
3E
CA
FE
F1
83
08
00
00
00
00
00
00
00
00
00
00
00
00
00
6B
F4
FE
D5
2D
00
00
00
3E
F0
FE
DC
1D
00
00
00
00
00
00
00
00
00
00
00
00
00
00
2C
F6
FE
D1
31
00
00
00
1F
F1
FE
DD
1B
00
00
00
00
00
00
00
00
00
00
00
00
00
00
00
5F
FE
FE
37
00
00
00
11
C6
FE
DA
1C
00
00
00
00
00
00
00
00
00
00
00
00
00
00
00
00
1B
DB
FE
E9
90
27
2A
CC
FE
CD
0A
00
00
00
00
00
00
00
00
00
00
00
00
00
00
00
00
00
00
73
F8
FE
FE
F4
E9
FE
DF
18
00
00
00
00
00
00
00
00
00
00
00
00
00
00
00
00
00
00
00
00
26
54
A8
F5
FE
FE
FE
CF
73
09
00
00
00
00
00
00
00
00
00
00
00
00
00
00
00
00
00
00
00
00
0E
EC
FE
E6
A3
ED
F4
D3
50
01
00
00
00
00
00
00
00
00
00
00
00
00
00
00
00
00
00
00
63
FE
FE
63
00
00
25
E1
FE
82
08
00
00
00
00
00
00
00
00
00
00
00
00
00
00
00
00
00
47
FE
E5
0C
00
00
00
02
AA
FE
33
00
00
00
00
00
00
00
00
00
00
00
00
00
00
00
00
00
60
FE
FE
12
00
00
00
00
51
FE
C6
00
00
00
00
00
00
00
00
00
00
00
00
00
00
00
00
00
50
FE
FE
12
00
00
00
00
83
FE
77
00
00
00
00
00
00
00
00
00
00
00
00
00
00
00
00
00
05
D6
FE
4E
00
00
00
01
B7
F4
3F
00
00
00
00
00
00
00
00
00
00
00
00
00
00
00
00
00
00
40
FD
DF
18
00
02
7E
FE
B2
00
00
00
00
00
00
00
00
00
00
00
00
00
00
00
00
00
00
00
00
57
EE
DE
77
B1
FE
D9
1B
00
00
00
00
00
00
00
00
00
00
00
00
00
00
00
00
00
00
00
00
00
12
9A
C4
C4
65
19
00
00
00
00
00
00
00
00
00
00
00
00
00
00
00
00
00
00
00
00
00
00
00
00
00
00
00
00
00
00
00
00
00
00
00
00
00
00
00
00
00
00
00
00
00
00
00
00
00
00
00
00
00
00
00
00
00
00
00
00
00
00
00
00
00
00
00
00
00
00
00
00
00
00
00
00
00
00
00
00
00
00
00
00
00
00
00
00
00
00
00
00
00
00
00
00
00
00
00
00
00
00
00
00
00
00
00
00
00
00
00
00
00
00
00
00
00
00
00
00
00
00
00
00
00
00
00
00
00
00
00
00
00
00
00
00
00
00
00
00
00
00
00
00
00
00
00
00
00
00
00
00
00
00
00
00
00
00
00
00
00
00
00
00
00
00
00
00
00
00
00
00
00
00
00
00
00
00
00
00
00
00
00
00
00
00
00
00
00
00
00
00
00
00
00
00
00
00
00
00
00
00
00
00
00
00
00
00
00
00
00
00
00
00
00
00
00
00
00
00
00
00
00
00
00
00
00
00
00
00
00
00
00
00
00
00
00
00
00
00
00
00
00
00
00
00
00
00
00
00
00
00
00
00
00
00
00
00
00
00
00
00
00
00
00
00
00
00
00
00
00
8E
FE
CC
AC
C7
8C
5B
1B
02
00
00
00
00
00
00
00
00
00
00
00
00
00
00
00
00
00
00
44
DE
51
4A
99
B9
ED
ED
FA
C2
1D
00
00
00
00
00
00
00
00
00
00
00
00
00
00
00
00
00
A6
C4
00
00
00
00
00
00
73
51
0B
00
00
00
00
00
00
00
00
00
00
00
00
00
00
00
00
00
D5
9F
00
00
00
00
00
00
00
00
00
00
00
00
00
00
00
00
00
00
00
00
00
00
00
00
00
07
DC
73
00
00
00
00
00
00
00
00
00
00
00
00
00
00
00
00
00
00
00
00
00
00
00
00
00
22
F6
82
00
00
00
00
00
00
00
00
00
00
00
00
00
00
00
00
00
00
00
00
00
00
00
00
00
00
A8
F6
15
00
00
00
00
8A
45
00
00
00
00
00
00
00
00
00
00
00
00
00
00
00
00
00
00
00
83
FE
63
00
00
00
00
BD
8B
00
00
00
00
00
00
00
00
00
00
00
00
00
00
00
00
00
00
00
52
FE
6B
00
00
00
55
E5
59
00
00
00
00
00
00
00
00
00
00
00
00
00
00
00
00
00
00
00
02
C4
E4
0B
00
00
9A
FE
39
00
00
00
00
00
00
00
00
00
00
00
00
00
00
00
00
00
00
00
00
6E
FE
81
01
09
CF
FF
39
00
00
00
00
00
00
00
00
00
00
00
00
00
00
00
00
00
00
00
00
00
C1
FE
B7
BC
AF
FE
39
00
00
00
00
00
00
00
00
00
00
00
00
00
00
00
00
00
00
00
00
00
11
74
93
16
92
FE
39
00
00
00
00
00
00
00
00
00
00
00
00
00
00
00
00
00
00
00
00
00
00
00
00
00
63
FE
39
00
00
00
00
00
00
00
00
00
00
00
00
00
00
00
00
00
00
00
00
00
00
00
00
00
63
FE
39
00
00
00
00
00
00
00
00
00
00
00
00
00
00
00
00
00
00
00
00
00
00
00
00
00
A7
FE
39
00
00
00
00
00
00
00
00
00
00
00
00
00
00
00
00
00
00
00
00
00
00
00
00
00
87
E8
08
00
00
00
00
00
00
00
00
00
00
00
00
00
00
00
00
00
00
00
00
00
00
00
00
00
63
FB
34
00
00
00
00
00
00
00
00
00
00
00
00
00
00
00
00
00
00
00
00
00
00
00
00
00
63
F6
29
00
00
00
00
00
00
00
00
00
00
00
00
00
00
00
00
00
00
00
00
00
00
00
00
00
7E
E5
00
00
00
00
00
00
00
00
00
00
00
00
00
00
00
00
00
00
00
00
00
00
00
00
00
00
00
00
00
00
00
00
00
00
00
00
00
00
00
00
00
00
00
00
00
00
00
00
00
00
00
00
00
00
00
00
00
00
00
00
00
00
00
00
00
00
00
